   1         "t+aa"    6    7.983914  10.677555  10.735841
   2         "t+ah"    2    2.008816   2.032269   2.357964
   3         "t+ih"   21   64.728867  31.421547  62.631069
   4      "ao-r+eh"   17   57.573490  83.612206  70.069290
   5         "t+uw"   16   31.487448  22.247723  34.642048
   6         "t-aa"    4   26.900900  18.053148  37.683033
   7         "t-eh"    1   12.082794   4.875726   7.048686
   8         "t-ih"    3   33.771816  17.997246  18.981401
   9         "t-uw"   18   51.205814 182.961700 191.745667
  10           "sp"  521  10060.433594
  11      "t-aa+ng"    1    3.471493   1.615083   1.094782
  12         "aw-t"    1    1.004347   0.999911   0.999910
  13      "ch-aa+r"    2    5.367341   6.075664   5.670582
  14       "g-ih+g"    1    0.999993   1.447080   6.159817
  15      "uw-k+uw"   33   70.580681  59.051239  96.589371
  16     "ah-ny+uw"    2    5.025701   5.570837  23.360909
  17      "uw-aa+b"   12   66.907913  50.106949  21.742426
  18      "jh-aa+d"    1    1.000813   1.312468   1.002469
  19      "jh-aa+m"    6   12.321829  49.124886  19.856260
  20       "m-b+aa"    1    1.000649   2.962149  18.489325
  21      "ny-aa+k"    1    7.940195  15.029130   0.999936
  22       "m-b+ih"   15   18.201414  28.510868  23.708410
  23       "g-aa+l"    1    1.001689  11.796727  10.364561
  24         "l+aa"    4   18.895231   6.453093   9.822433
  25         "l+ah"    1    2.435923   1.056155  16.506702
  26      "ih-b+aa"    1   11.705996   1.008530   1.003779
  27         "l+ih"   13   71.834724  16.325314  32.185596
  28      "ih-b+uw"    1    7.713456   1.003273   0.999977
  29      "aa-t+aa"   21   88.697899  44.858650  46.251568
  30        "aa+ch"    1    4.953018   2.786118   1.259302
  31      "aa-t+eh"    1    4.411278   1.232484   2.867335
  32      "aa-t+ih"   19   84.974335  33.324322  47.519756
  33        "aa+ng"    1   11.309961   2.861145   1.003756
  34         "l-aa"    1    1.004199   9.397613   2.211421
  35      "aa-t+uw"   18  155.878494  33.347050  37.133507
  36         "l-ih"    5   40.773449  43.963417  25.766382
  37      "k-uw+ch"    2    8.530588  16.806005   4.084049
  38         "l-uw"    1    3.035704   6.031980  18.572609
  39      "k-uw+ny"    1    1.039493   0.999960   0.999955
  40        "aa-hh"    5   33.157417  20.789339 142.969254
  41        "aa-ng"   54  256.225372 492.148590 438.375916
  42      "ch-ao+b"    3    5.999641  12.095227  17.904213
  43     "ih-ng+ih"    2    2.000254   2.008158   2.044221
  44         "d+aa"    4    3.999445  11.998306  23.034832
  45         "d+ah"   13   37.532978  29.698011  29.506636
  46      "b-aa+ch"    1    1.009608   6.847305   1.057863
  47         "d+ih"    2   23.995680   8.125637  15.970009
  48      "b-aa+hh"    1    1.026415   1.021605   1.000004
  49      "ao-b+aa"    3    5.996752  33.002308  75.317322
  50      "b-aa+ng"    7   16.640675  61.161819  24.850552
  51      "b-aa+ny"    1    1.011755   1.001833   0.999927
  52      "ao-b+ih"    1    2.539606  11.699792   1.000255
  53         "d+uw"   26  109.880013  73.130402  93.207092
  54      "aa-l+aa"   62  149.473877 366.735077 420.172180
  55       "k-aa+k"    2    3.474950   7.536044  23.469118
  56       "k-aa+l"    4   11.491282  19.686951  16.347376
  57       "k-aa+m"    2    4.220856   8.999160  10.677450
  58       "k-aa+n"   42   75.937515 276.571381 127.298248
  59       "k-aa+r"    1    1.293033   2.326558   1.261329
  60       "k-aa+t"    3    5.110156  17.869095   7.606803
  61      "aa-l+ih"    4    5.765666  12.530398   8.119220
  62         "d-aa"    4   20.978706   4.003729   6.600299
  63      "aa-l+uw"    1    1.000489   1.011353   1.001372
  64         "d-ih"    4   41.081635  11.980507  33.928719
  65      "s-aa+ng"   30   80.137787 119.664314 110.603493
  66      "ih-k+aa"   20   58.647518  48.328377  49.544155
  67      "ih-k+uw"    1    4.252077   2.160764   5.302476
  68       "m-aa+k"    5   38.370499  70.588608  30.020971
  69       "m-aa+l"   21  137.265167  61.579578  99.331047
  70       "m-aa+n"    1    8.047564   3.526270   4.381669
  71       "m-aa+t"   21  157.453308 165.529358  77.811012
  72       "k-ah+r"    3    3.932724   3.074756   7.007544
  73      "ih-aa+m"    1    1.034695  10.023407   1.000242
  74        "jh+aa"    7   57.129963  33.988331  16.109041
  75       "p-uw+k"   32   72.301453 184.701035 355.318176
  76       "p-uw+l"   14   30.916071  48.759697  34.905182
  77        "jh+uw"    1    4.005344   5.995117   2.212733
  78        "jh-aa"    3    5.043161  43.755573  27.070782
  79      "aa-d+aa"    4    7.441014   6.113301 115.024124
  80      "aa-d+ih"    3    7.908445   5.998516  26.985529
  81      "uw-l+ih"    1    2.412694   9.482003   1.233503
  82      "uw-l+uw"   14   49.475807  44.514938  30.576660
  83       "k-ao+l"    1    1.155030   1.015365   2.940283
  84       "k-ao+t"    1    2.952481   0.999995   2.002128
  85       "r-uw+s"    3    9.909839  10.848241   6.025834
  86         "m+aa"   48   90.165977 116.585884 637.022461
  87         "m+ao"    1    1.000028   1.007696   6.282615
  88         "m+aw"    1    0.999955  10.992407   0.999960
  89         "m+ih"    1    0.999996   4.327901   8.671506
  90      "ah-p+aa"    2   14.464301   3.531872   3.145748
  91      "ah-p+uw"   14   90.253654  25.488123  26.296259
  92         "m-aa"   13   70.579659  94.330536 182.936188
  93         "m-aw"    1    0.999960  17.006491  12.987474
  94       "m-ao+b"    1    8.967216   0.999967   4.006674
  95       "s-ih+k"    2    9.104444   6.316458   8.408572
  96       "t-uw+k"    2   12.465664   2.007404   4.147299
  97       "t-uw+l"    1    1.991977   8.137568   1.055151
  98       "t-uw+r"    1    3.429357   5.504278   0.999998
  99      "ih-t+uw"    1    3.458542   2.346357   2.045797
 100       "r-eh+m"    1    6.052888   4.004395   0.999949
 101     "ny-aa+hh"    1    1.000067   1.003723  14.061843
 102      "y-aa+hh"    1    1.092173   1.010578   0.999889
 103       "s-aa+p"    1    1.245945   1.001650   9.038408
 104       "s-aa+t"   16   48.887016 131.103378  72.926819
 105       "r-g+ih"    2   29.821619   7.967470   8.915732
 106      "hh-aa+b"    1    0.999989   0.999989   0.999989
 107      "hh-aa+r"    2   19.884787   2.122553   2.118748
 108       "s-ah+b"   13   19.778540  24.742075  44.934105
 109       "s-ah+k"    2    2.777964   3.428902   4.347295
 110       "s-ah+m"   14   19.672009  20.136446  47.915085
 111       "s-ah+n"    1    1.787573   1.398394   6.910902
 112       "s-ah+p"   15   18.690914  25.191442  68.332283
 113      "ih-l+aa"   14   39.095043  51.317497  67.046059
 114      "ao-t+aa"    2   25.092291   4.341289   3.701933
 115     "aa-ng+ih"    1   11.824113   1.000195   0.999997
 116     "aa-ng+uw"    7   21.978443  67.806206  22.473749
 117       "s-ao+r"   17   40.714787  55.538330 139.336594
 118      "ng-uw+n"    7   18.071646  14.797495  26.156771
 119        "ch+aa"    1    1.001166   1.000455   7.104613
 120        "ch+ao"    3    9.683477   5.999856  25.999342
 121        "ch-aa"    1    1.998554  13.531960   2.309066
 122         "n+aa"    3    3.000673   2.999839   2.999905
 123         "n+ao"    1    1.000025   1.059850   0.999999
 124      "ih-d+aa"    1    0.999975   1.000308   7.360710
 125      "ao-l+aa"    2    2.246062   3.660782  20.521589
 126       "y-aa+m"    3   11.086104  10.042698   7.890908
 127      "ih-d+uw"    4   12.990191   6.701421   8.172133
 128         "n-ih"    1   33.995335   0.999870   9.974560
 129      "d-ih+aa"    1    3.001961  18.725887   1.210489
 130      "d-ih+ng"    1   12.497749   1.050795   1.171454
 131      "ng-g+aa"    1   15.103007   1.068697   1.000070
 132      "ng-g+uw"    1   10.007906   0.999970   0.999970
 133     "ih-aa+ng"   20   41.446877  90.928246  86.914040
 134      "ih-m+aa"   13   36.635731  23.697327  26.719555
 135     "aa-ny+aa"    1    1.000042   0.999925   0.999925
 136         "uw+n"    2   11.113571   9.222630   2.006384
 137         "uw-k"    2    2.003660   1.999810   1.999816
 138         "uw-l"   32  114.287079  73.903046 105.999695
 139         "uw-m"    2   14.203759   9.532188   2.218444
 140         "uw-n"    7   33.526657  56.135155  16.605879
 141         "uw-r"    5    6.050815  21.155981  55.559864
 142         "uw-s"    3   31.838985  49.321270  26.816679
 143         "uw-t"    2   39.602062   2.050061   2.003012
 144      "ah-r+aa"    1    1.334326   5.763020   0.999924
 145      "ah-r+jh"    3    5.046043   4.576108  17.129597
 146      "ah-r+uw"    2    2.042408  11.567361   2.035924
 147     "uw-ny+aa"    1    3.999186  16.087936   4.864723
 148      "d-uw+aa"   26   82.704926 152.541031 153.321594
 149        "ih+ng"    1   18.994961   0.999886   0.999901
 150         "eh-m"    1   10.877331   6.715754   1.781882
 151       "uw-n+t"    2   18.165497   6.587152   1.999822
 152          "r-m"   41  336.755676 278.122070 482.893219
 153        "ih-ng"    4   15.156414  25.114824  49.409683
 154         "g+ih"    1    3.467858   3.574501   4.456116
 155          "sil"  126  2044.952271 10060.433594 452.518188
 156         "g-aa"   16   66.252792  93.368767 140.214096
 157       "b-ih+l"   15   44.559746  73.957764  50.778080
 158       "b-ih+s"    1    1.000008   1.300261   1.019188
 159         "g-ih"   28   77.965302 108.744392 185.975723
 160         "g-uw"    1    1.008980  11.424109  12.566228
 161      "l-aa+hh"    1    1.054149   1.804168   1.005941
 162      "l-aa+ng"    1    3.493025   1.402379   3.802037
 163      "ih-n+ih"    1    0.999847   0.999900   0.999847
 164       "b-aa+g"    1    1.000008   1.003094   0.999976
 165       "b-aa+t"   20   33.246532  99.131050  67.542885
 166      "b-ih+ng"    2    3.118961  17.892834   3.455580
 167      "s-ih+aa"   20   65.509911 221.248734  58.304100
 168      "ah-b+ah"   13   36.206528  26.284206  13.814954
 169      "aa-g+ih"   25  209.859604 112.242065 219.024368
 170       "d-aa+k"    1    1.636421   7.346743   1.065309
 171       "d-aa+n"    4   10.061546  44.655769  17.300564
 172       "b-ah+l"   26   33.524174  33.822803  33.698715
 173       "b-ah+r"    1    1.000133   1.749084   1.135171
 174      "jh-uw+g"    1    2.621779   7.558427   3.354018
 175      "ny-uw+m"    2    5.977988  18.454477   4.224565
 176      "t-uw+jh"   15   32.846924  71.686905  66.420166
 177         "p+aa"   53  145.133194  97.833565  91.019470
 178         "p+ah"    2   15.516275   2.859246   2.016642
 179         "p+uw"   32   93.715919  55.178864  52.718723
 180     "uw-aa+hh"    1    1.002971   6.186687   3.803522
 181         "p-ih"    2    3.401809  41.386524   6.312025
 182     "uw-aa+ng"    1    1.021221   1.126020  12.171351
 183       "d-ah+l"   13   16.954426  20.831787  32.601265
 184       "b-ao+l"    1    0.999972   1.000252  21.124128
 185      "uw-g+aa"    1    4.832519   8.228991   1.007292
 186        "uw-aa"   15   45.151909 113.267708 229.802216
 187      "aa-ng+g"    1    5.698400   0.999985   0.999945
 188      "aa-ng+k"    1    6.018170   6.855272   3.125227
 189        "uw-hh"   29  102.905464 112.770706 200.014038
 190       "b-aw+t"    1   21.977144  10.018879   1.006282
 191       "k-uw+l"   32   71.410072 494.023834 116.121376
 192       "k-uw+r"    1    2.088484   6.077527   1.000014
 193       "k-uw+t"    2   13.515101   6.017263   4.532476
 194      "ah-k+aa"    1    8.525561   2.019228   2.013056
 195      "ah-k+ao"    1    6.998659   2.405452   1.481923
 196      "aa-p+aa"   14   77.263229  24.653748  29.342052
 197      "r-aa+ng"    3    7.781481   5.000490   8.231761
 198      "aa-p+ih"    2   20.995018   3.959401   2.003102
 199       "l-ih+m"   13   57.204781  95.412712  48.249241
 200       "l-ih+s"    1    2.881001  12.938906   1.061783
 201      "b-uw+aa"    2    2.020936  23.387163   5.285232
 202         "y-aa"    1    9.002252   5.141091   8.940298
 203       "l-k+aa"   19   36.018932  40.214386  39.480225
 204       "l-aa+g"    3   16.893141  11.041700  19.590487
 205       "l-aa+l"    1    2.450859   1.246708  16.203146
 206       "l-aa+m"   19   51.965015  56.620335  62.261539
 207       "l-aa+n"   13   23.776806  22.483065  36.284420
 208       "l-aa+p"   13   36.874249  44.361626  39.497997
 209       "l-aa+r"   41   88.452522 163.294403  77.540176
 210       "l-aa+s"   27   52.211319 113.912964  56.192581
 211     "uw-jh+uw"   15  151.946091  90.434052 103.154518
 212       "n-ih+n"    1    5.392166  10.022720   2.288015
 213      "uw-p+aa"    1    6.587557   1.954555   2.083419
 214     "ch-ih+ng"    2   15.411665  17.595108   2.008020
 215       "n-aa+m"   15   50.100624  60.967316  60.799873
 216       "n-aa+n"    2   14.238677   8.133224  11.534178
 217       "n-aa+s"    1    7.419036   1.317724   6.813107
 218       "l-ah+p"    1    3.038580   5.468216   8.484152
 219      "ih-g+aa"   15   75.400192  63.626057  70.744781
 220      "ih-g+ih"    1    3.516932   7.356109  16.296577
 221      "aa-y+aa"    5   19.736193  73.747299  42.272156
 222      "r-jh+aa"    3   22.217299  33.051426   5.949016
 223       "p-aa+d"    2    2.583468   3.651569   5.954273
 224       "p-aa+g"   21   38.776588 191.111450 170.826248
 225       "p-aa+n"   13   21.847120  78.780731  37.936573
 226       "p-aa+s"   31   68.542603 152.671021 129.617905
 227       "p-aa+t"   14   36.620850 160.245758  65.794365
 228       "p-aa+y"    1    1.642016   1.991470   1.108925
 229       "r-ih+b"    1    1.061456   5.296859   5.222815
 230       "s-uw+p"    1    5.993979   1.023841   2.395077
 231      "ah-l+aa"   38   96.148415 167.687363 344.070770
 232       "r-aa+p"    1   17.788074   7.795321   1.000194
 233       "p-ah+r"    2    2.000133   2.785801   4.079727
 234       "n-ao+t"    1    7.857185   1.130655   7.880986
 235      "ah-l+ih"    1    1.000280   1.043607   2.677994
 236       "t-ih+b"    1    1.696505   6.546412   5.777033
 237       "t-ih+d"    5   18.409410  40.347389  26.220737
 238       "t-ih+g"   15  114.890343  81.854858  67.442307
 239       "t-ih+k"   18   95.861977  69.408592  96.750679
 240      "ih-ng+g"    1    1.211085   1.024153   0.999991
 241       "n-t+ih"    2    1.999916   3.319774   3.431309
 242       "n-t+uw"    2    2.269159   3.654493   3.975723
 243       "m-p+aa"   12   17.188105  15.206491  23.899580
 244       "t-aa+d"    2    5.763435   6.988395  14.331711
 245       "t-aa+k"    1    2.419287   7.559324   1.021388
 246       "t-aa+l"   19   42.824310 108.239883  90.262306
 247       "t-aa+m"    1    2.331742   8.771546   1.000002
 248       "t-aa+p"    1    1.280390   1.001507  10.736079
 249     "aa-ch+aa"    2    2.072724  18.015314  10.309364
 250        "hh+aa"    3    6.999635   5.141248  20.270296
 251       "t-ah+r"    2    2.018399   3.628034   5.597308
 252     "uw-ch+ih"    2    7.499692   4.000270  15.004045
 253       "ah-m+b"   13   43.015163  18.162552  15.527023
 254       "ah-m+p"   12   58.513618  51.890194  61.893173
 255         "r+aa"    1    0.999983   0.999991   1.002407
 256         "r+eh"    1    0.999960  13.901296   1.051834
 257         "r+ih"    1    1.094944   3.834514   5.721544
 258         "r-aa"    1    1.002735   9.361077   6.406013
 259         "r-eh"   17  179.122452 103.833801  91.237556
 260         "r-ih"    2   36.009155   2.000518   5.011150
 261      "m-ih+ng"    1   17.505102   1.035357   1.215686
 262       "ah-r+g"    2    2.019377   8.266008   2.062827
 263      "ng-ih+n"    3   27.011396   4.108020   4.999310
 264      "ng-k+aa"    1    1.999831   1.999761   0.999917
 265       "n-d+ih"    1    0.999921   1.000473   4.064542
 266      "aa-r+aa"    2   21.467571   8.747569   2.126160
 267      "ah-m+uw"    1    1.000069   0.999861   0.999822
 268      "aa-r+ih"    2    9.792329  24.552826   4.215816
 269      "aa-r+uw"    1    6.996778   8.847967   1.004280
 270         "b+aa"   30   79.428352 130.185837  84.883385
 271         "b+ah"    2   12.002525   4.010553   2.001431
 272         "b+ao"    1    2.025989   1.980902   0.999934
 273         "b+aw"    2   19.834135   2.091404   2.074874
 274         "b+ih"    1    2.750415   7.205195   1.033466
 275         "b+uw"    3   10.995675  10.001409   6.191749
 276      "uw-r+aa"    1    0.999963  13.896481   1.000004
 277         "b-aa"    4   13.654285   7.627499  17.999447
 278         "b-aw"    1   21.780138   1.000063  26.364706
 279         "b-uw"    1    1.001132   1.046044   8.149380
 280         "s+aa"   17  108.986534  60.835381  56.052353
 281         "s+ah"   47  293.411743 232.765747 135.597443
 282         "s+ao"   17  100.663490  81.879448  45.952671
 283         "s+ih"   22  132.741104 150.801498  76.610886
 284         "s+uw"    1    4.044649   3.972301   3.982032
 285      "m-uw+aa"    1    1.008451  15.487058   1.021073
 286         "s-ih"    1    1.596330  11.159190   6.202636
 287       "aa-l+k"   19  115.810005  31.428301  38.030823
 288     "jh-uw+hh"   15   31.408503  32.551476  38.412659
 289       "aa-m+b"    3   15.862803   3.151274   5.999429
 290       "aa-n+d"    1    8.850430   1.176326   0.999920
 291       "aa-n+t"    2   24.489000   9.874089   1.999916
 292      "aa-b+ah"   12   26.239092  19.008192  21.702459
 293      "aa-b+ih"    1    1.639250   1.000009   1.000006
 294         "ih+k"    1   12.995733   0.999951   3.751543
 295         "ih+n"    1    0.999906   0.999868   3.065746
 296         "ih+t"    1   20.393682   1.040827   6.762572
 297         "ih-l"    1   13.260344   0.999938   0.999939
 298         "ih-n"    4   25.898802  60.312607   8.254454
 299         "ih-s"    2    6.065027  23.344990   4.397521
 300       "aa-r+m"   41  368.234711 337.791809 233.947678
 301         "k+aa"    8   20.996237  12.120492  20.877228
 302         "k+ah"    4    8.997501   8.992252  13.007111
 303         "k+ao"    1    1.999727   2.004837   2.042242
 304         "k+uw"    4    9.997057   7.000007  16.957930
 305      "ah-n+aa"   15   94.881332 108.676727 139.010956
 306      "ah-n+ih"    1    1.201697   7.355111   0.999996
 307      "aa-s+aa"   30  154.473969 197.998154 113.719437
 308      "aa-s+ih"    1    3.448668   8.998051   3.088136
 309         "k-ah"    1    1.011977   2.859534  14.124204
 310         "k-ih"    2    6.902795  22.102842   9.115216
 311         "aa+d"    2   23.420336   8.129837   2.036419
 312         "aa+k"    9   52.641502  80.667580  74.418228
 313         "aa+l"   41  285.095581 136.725708  89.063599
 314         "aa+t"    1    5.249725   8.777413   1.000048
 315         "aa+y"    4   19.082106   6.113114   6.859581
 316         "aa-k"    2    2.597350   2.454572   6.541865
 317         "aa-l"    1    5.489077   1.034086   1.077577
 318         "aa-m"   44  303.200836 221.775711 763.202454
 319         "aa-n"   72  599.705627 763.379761 826.101196
 320         "aa-s"   28  130.269455 352.881226 215.863770
 321         "aa-t"   16   70.201233  43.066292  33.519955
 322      "s-ah+ny"    2    4.003232   3.568014  17.413340
 323         "k-uw"   10   17.507450 105.179611 161.982544
 324       "b-uw+k"    1    1.005347   7.767799   9.828631
 325         "ah+m"   12   26.313339  38.206062  98.419334
 326         "ah+n"   15   52.732365  40.574909 272.175964
 327      "l-uw+hh"   14   62.412453 107.955719  75.044350
 328       "d-uw+r"    4   17.411366  48.062988   8.077436
 329      "aa-k+aa"    5   26.998272   9.998198  10.475661
 330      "aa-k+ih"    2    9.303947   3.949131   5.370580
 331      "aa-k+uw"   10   59.499737  18.900091  19.541538
